cam0:
  camera_model: pinhole
  intrinsics: [603.420654296875, 602.5958251953125, 327.1630859375, 244.07200622558594] #[554.254691191187, 554.254691191187, 320.5, 240.5] 
  distortion_model: plumb_bob
  distortion_coeffs: [0.0, 0.0, 0.0, 0.0, 0.0]
  resolution: [640, 480]
  rostopic: /camera/camera/color/image_raw
  tagtopic: /detector/tags
  rig_body: base_link